[[[113.56449127 119.9961853    0.69856797]
  [122.14641571 109.23360443   0.53281682]
  [  0.           0.           0.        ]
  [  0.           0.           0.        ]
  [139.49093628 111.85910034   0.81866213]
  [165.90478516 147.06817627   0.82545325]
  [159.15505981 177.94525146   0.67658975]
  [179.00386047 147.04504395   0.86306423]
  [173.48258972 145.15089417   0.85345308]
  [181.19494629 191.69447327   0.45629964]
  [184.7769165  235.80134583   0.35667792]
  [185.71328735 147.79919434   0.79447737]
  [183.55039978 189.06544495   0.80435453]
  [183.8706665  241.97097778   0.95251072]
  [109.35445404 118.87804413   0.57860725]
  [112.59708405 113.6076355    0.79569923]
  [  0.           0.           0.        ]
  [118.90558624 106.93101501   0.84729383]
  [161.97727966 251.86468506   0.97817511]
  [169.41413879 254.02886963   1.        ]
  [189.15359497 247.83525085   0.91692963]
  [162.88583374 237.40567017   0.34198154]
  [166.35853577 233.79475403   0.36672389]
  [188.68605042 241.80183411   0.32007639]]]
[[[464.69534302  68.21718597   0.87867667]
  [467.14379883  86.34638977   0.85076883]
  [466.50723267 117.19917297   0.76874786]
  [453.16772461 140.72549438   0.69796915]
  [496.0786438   90.39125061   0.74893388]
  [  0.           0.           0.        ]
  [  0.           0.           0.        ]
  [474.40853882 147.18914795   0.9102594 ]
  [465.15374756 145.31736755   0.94314951]
  [460.84780884 189.43554688   0.84745715]
  [457.60595703 227.38233948   0.77123363]
  [483.68136597 148.60307312   0.85134921]
  [470.94439697 190.11968994   0.88421403]
  [492.83679199 223.57162476   0.8109518 ]
  [462.056427    64.50595093   0.85990297]
  [468.4203186   63.01644135   0.87140452]
  [  0.           0.           0.        ]
  [480.75579834  61.55114746   0.83091341]
  [481.91937256 235.77307129   1.        ]
  [487.20959473 235.58354187   0.91932453]
  [498.82055664 225.23370361   0.62842493]
  [435.41949463 233.33666992   0.77857006]
  [437.21185303 230.55708313   0.80962539]
  [460.7411499  231.32444763   0.7992288 ]]]
[[[463.32223511  62.48940277   0.92594754]
  [458.96118164  84.29470825   0.84808515]
  [455.01504517 117.15490723   0.86582828]
  [443.20214844 143.35877991   0.83979558]
  [487.11090088  86.62081909   0.86765916]
  [500.30276489 120.69558716   0.66869321]
  [499.03530884 152.31828308   0.53686721]
  [469.75152588 145.81655884   0.86529372]
  [459.44067383 144.3881073    0.8168174 ]
  [459.63525391 188.87838745   0.78682627]
  [455.70291138 227.00289917   0.86433134]
  [479.82467651 146.38772583   0.90317996]
  [466.8637085  192.22631836   0.90005661]
  [469.17318726 236.76246643   0.87640984]
  [459.82989502  59.144207     0.94167547]
  [467.64593506  58.27901459   0.91682424]
  [456.49441528  62.28755951   0.56768602]
  [477.47921753  60.40920258   0.87812819]
  [449.67874146 245.00318909   0.84362981]
  [456.46539307 246.60232544   0.8535969 ]
  [472.05960083 241.07839966   0.86010462]
  [437.08728027 233.38406372   1.        ]
  [437.57498169 229.78668213   0.91592695]
  [457.98379517 231.55413818   0.82527948]]]
[[[464.04263306  60.34384537   0.9074388 ]
  [456.01611328  82.59297943   0.87741448]
  [455.95703125 115.02516937   0.61153384]
  [448.35388184 142.38278198   0.60920669]
  [485.57611084  86.87260437   0.85186584]
  [488.49499512 124.44090271   0.8645346 ]
  [482.7711792  153.8062439    1.        ]
  [463.28433228 145.64649963   0.8118079 ]
  [454.35726929 146.78683472   0.87470662]
  [458.01641846 188.92169189   0.78981977]
  [454.11688232 226.45249939   0.76942852]
  [471.00259399 148.98124695   0.88753719]
  [468.2298584  191.17446899   0.85097731]
  [465.62594604 237.56690979   0.85462918]
  [460.52203369  57.11689377   0.94063241]
  [468.84100342  56.61201859   0.90042001]
  [456.23239136  61.04232407   0.83806892]
  [477.12384033  59.37451172   0.86684073]
  [446.22189331 245.82810974   0.83816967]
  [453.11993408 247.29417419   0.81735023]
  [469.42819214 241.5677948    0.8503091 ]
  [435.47286987 233.35871887   0.78897939]
  [436.51702881 229.96836853   0.7630846 ]
  [456.68740845 230.18977356   0.74690205]]]
[[[464.10055542  60.06682968   0.91941152]
  [456.11526489  83.1804657    0.8752246 ]
  [453.16186523 115.01074982   0.73969064]
  [446.65374756 142.84217834   0.67754692]
  [483.36306763  87.72961426   0.93251708]
  [485.57119751 120.58889008   0.86293693]
  [474.13800049 146.37739563   0.91726417]
  [462.03469849 144.71653748   0.9251551 ]
  [453.16696167 143.85089111   0.92650418]
  [458.63903809 188.33787537   0.86334829]
  [455.01837158 226.39689636   0.84122591]
  [470.66912842 145.23228455   0.95761937]
  [468.39935303 190.59515381   1.        ]
  [466.19363403 237.09851074   0.90495341]
  [460.78222656  56.31050491   0.94604355]
  [468.99447632  56.5226059    0.90864944]
  [456.25091553  60.40814972   0.83586271]
  [477.17303467  59.78166199   0.88019569]
  [446.959198   245.21673584   0.89432274]
  [453.36859131 247.34461975   0.89168516]
  [469.78860474 241.54258728   0.89797435]
  [435.42913818 233.50050354   0.82770272]
  [436.65670776 230.17237854   0.77574278]
  [457.13616943 230.85455322   0.79668109]]]
[[[463.02560425  60.84712982   0.96787398]
  [454.06237793  83.74713135   0.84242083]
  [447.60137939 118.91723633   0.78082699]
  [436.46115112 144.20715332   0.75735555]
  [481.11502075  86.61972046   0.94042005]
  [476.20901489 120.38491058   0.92909485]
  [459.97732544 147.81478882   0.82813022]
  [462.81268311 144.96351624   0.9051741 ]
  [453.76345825 144.34136963   0.85757338]
  [457.94818115 188.18865967   0.77093617]
  [455.63607788 226.12789917   0.72853983]
  [471.43847656 145.94219971   0.94180605]
  [466.85754395 191.54205322   0.92838704]
  [466.690979   236.00823975   0.8679727 ]
  [459.82345581  57.12044907   0.97232859]
  [467.90029907  57.3430748    1.        ]
  [455.18826294  60.64371109   0.82067138]
  [476.14694214  60.78018951   0.96681141]
  [447.17950439 244.96316528   0.87403056]
  [453.08221436 247.31048584   0.87287331]
  [470.26937866 241.01283264   0.89177536]
  [435.34417725 233.55422974   0.77472416]
  [436.61288452 230.04376221   0.73222515]
  [457.53930664 230.96183777   0.75870882]]]
[[[461.01861572  60.33857727   0.96537851]
  [452.45819092  84.65162659   0.85567619]
  [446.48742676 118.2958374    0.80502635]
  [433.9246521  145.33042908   0.73729995]
  [479.17681885  86.65935516   0.93316891]
  [475.03515625 121.38032532   0.93553315]
  [459.25189209 148.30780029   0.86106087]
  [462.61624146 147.08987427   0.84160688]
  [452.6434021  147.88314819   0.85204901]
  [459.91085815 189.07368469   0.68146994]
  [455.59140015 226.89424133   0.73601368]
  [472.02728271 146.3085022    0.90202729]
  [467.33108521 191.09542847   0.86925647]
  [466.73562622 236.08670044   0.84231623]
  [457.42520142  57.09230042   0.96323392]
  [465.7432251   56.79109192   0.99090024]
  [453.62408447  60.89649963   0.81170709]
  [474.4836731   60.72088242   1.        ]
  [448.35995483 245.139328     0.85646376]
  [452.5118103  247.48408508   0.79064569]
  [470.0043335  241.0703125    0.87797063]
  [436.21704102 233.38899231   0.80748816]
  [436.75720215 230.19810486   0.78966393]
  [457.15197754 231.40538025   0.807361  ]]]
[[[459.90167236  60.2533226    0.93180786]
  [452.04412842  83.49115753   0.84760954]
  [447.06985474 118.16268921   0.74747075]
  [434.12976074 145.70080566   0.69569311]
  [477.87799072  85.78971863   0.90190609]
  [476.56109619 122.89187622   0.89737579]
  [462.80822754 150.03013611   0.88972046]
  [460.15841675 146.53909302   0.80738432]
  [450.79522705 145.07235718   0.81902418]
  [458.61807251 189.27868652   0.74129158]
  [455.24234009 226.19055176   0.77005125]
  [468.72424316 144.81724548   0.88530335]
  [467.22451782 191.08207703   0.85342987]
  [466.77874756 236.22198486   0.83081459]
  [456.80783081  57.09738159   0.94486581]
  [464.66030884  57.1208992    0.96607514]
  [452.8444519   61.0002861    0.79033029]
  [473.67712402  60.12897873   1.        ]
  [448.37490845 245.27220154   0.84548823]
  [452.62524414 247.42915344   0.78237288]
  [470.04040527 241.16371155   0.86553743]
  [435.90286255 233.33274841   0.800827  ]
  [436.70965576 229.96829224   0.76686119]
  [456.61233521 229.93470764   0.79510421]]]
[[[457.4888916   61.11008835   0.93225859]
  [450.26727295  85.19849396   0.88535812]
  [447.75335693 117.1230011    0.82730149]
  [439.85098267 144.1446228    0.74492542]
  [477.21972656  86.77035522   0.91494552]
  [478.76119995 121.93898773   0.91926565]
  [470.63824463 150.2389679    0.91789716]
  [458.12313843 145.35879517   0.87959324]
  [449.61712646 145.33816528   0.88363136]
  [459.01513672 189.0458374    0.82967555]
  [455.3520813  226.88592529   0.82233082]
  [465.26022339 147.39300537   0.93826129]
  [468.14901733 190.46333313   0.87668813]
  [467.10882568 235.87461853   0.86645799]
  [454.28860474  57.64545441   0.94568922]
  [462.39208984  57.15689087   0.95416641]
  [450.36764526  61.45512772   0.73754483]
  [472.68460083  61.1606636    0.9982481 ]
  [448.8664856  245.26568604   0.87017952]
  [452.91027832 247.45436096   0.78727714]
  [470.26193237 241.01428223   0.88903529]
  [436.16870117 233.82354736   0.85392366]
  [436.75570679 230.2328949    0.7936379 ]
  [457.56747437 231.48925781   0.81888051]]]
[[[457.1946106   62.22050095   0.92233146]
  [450.8052063   85.64665985   0.88808955]
  [448.40542603 118.07047272   0.77387711]
  [442.1769104  146.18797302   0.59498566]
  [477.35748291  87.05195618   0.91243042]
  [481.52932739 123.65842438   1.        ]
  [475.09606934 155.07897949   0.93249927]
  [458.0456543  146.61428833   0.94867233]
  [449.88806152 145.66989136   0.94727757]
  [457.1784668  188.35482788   0.84802548]
  [455.18566895 226.24813843   0.82740235]
  [466.22943115 147.53637695   0.93819694]
  [467.3432312  190.5355835    0.9292917 ]
  [467.26107788 235.73675537   0.91661575]
  [453.2800293   58.89217758   0.93389082]
  [461.58364868  58.17357635   0.92341948]
  [449.06759644  62.90452957   0.76801455]
  [470.67459106  61.76510239   0.92361004]
  [449.26513672 245.26644897   0.8846887 ]
  [453.09957886 247.31451416   0.783771  ]
  [470.33538818 240.91978455   0.90780719]
  [436.03741455 233.63304138   0.83628626]
  [436.75982666 230.54342651   0.82181026]
  [457.1831665  230.68060303   0.82308093]]]
[[[456.13684082  62.72584152   0.92586916]
  [450.99456787  85.61429596   0.85905264]
  [449.14755249 118.20343018   0.75330224]
  [441.97897339 146.07806396   0.61922809]
  [477.84683228  87.52710724   0.91030766]
  [481.78723145 124.0550766    1.        ]
  [475.15679932 155.24832153   0.9455835 ]
  [458.24725342 147.0289917    0.92095598]
  [449.98196411 146.10083008   0.92534442]
  [456.69171143 188.56382751   0.84228255]
  [455.91455078 226.83979797   0.7985    ]
  [466.38220215 148.19668579   0.90936908]
  [467.44900513 190.69670105   0.90668019]
  [467.34509277 235.85023499   0.89459664]
  [452.25717163  59.38881302   0.92722125]
  [460.86306763  58.67076874   0.91409488]
  [448.41906738  63.10852051   0.68463954]
  [470.2258606   61.6566658    0.90230708]
  [447.46038818 245.08363342   0.87580509]
  [453.28356934 247.31309509   0.86974799]
  [470.40023804 240.99873352   0.89153094]
  [436.097229   233.81967163   0.86324899]
  [436.76089478 230.66056824   0.84301892]
  [457.96646118 231.389328     0.83082919]]]
[[[451.30374146  68.3638382    0.91928474]
  [453.056427    85.80576324   0.87164993]
  [450.86203003 118.98421478   0.77386365]
  [440.81488037 145.25177002   0.70506331]
  [478.42709351  88.71478271   0.90373394]
  [480.59634399 125.31233215   0.94333013]
  [473.27679443 154.24409485   0.93962381]
  [459.70574951 147.00775146   0.88168804]
  [451.42581177 146.40115356   0.91066402]
  [457.48675537 189.47271729   0.85752494]
  [455.05090332 226.68406677   0.83780264]
  [467.73147583 149.23284912   0.89994722]
  [468.73309326 191.7855072    0.8878337 ]
  [466.85549927 236.70449829   0.87700829]
  [448.2930603   64.71664429   0.91739653]
  [456.26480103  62.75527573   1.        ]
  [  0.           0.           0.        ]
  [467.33758545  63.39163589   0.91928738]
  [447.78378296 245.1519928    0.86952912]
  [453.57974243 247.38955688   0.86490956]
  [470.52593994 240.92874146   0.86945036]
  [436.54602051 235.10444641   0.84998705]
  [436.77172852 230.9364624    0.78724474]
  [457.25564575 231.51042175   0.80537113]]]
[[[445.04071045  78.26209259   0.88724716]
  [456.5255127   86.23133087   0.88801081]
  [456.15917969 121.67132568   0.65180367]
  [445.55819702 145.8795166    0.6323219 ]
  [478.75698853  90.68534851   1.        ]
  [485.89199829 126.23574829   0.94267816]
  [479.01242065 156.92074585   0.86484435]
  [462.10235596 148.39584351   0.94385831]
  [454.88473511 147.53407288   0.9279484 ]
  [457.97320557 190.37460327   0.81638003]
  [456.05368042 228.46908569   0.81819588]
  [469.14028931 149.63240051   0.97380981]
  [467.03118896 192.9380188    0.93545888]
  [466.73580933 236.53059387   0.8554463 ]
  [443.08880615  75.03019714   0.75283465]
  [446.46240234  73.32939911   0.87135649]
  [  0.           0.           0.        ]
  [459.48022461  67.70625305   0.93824655]
  [447.32125854 245.03120422   0.86274387]
  [452.98269653 247.2436676    0.87043839]
  [470.12255859 241.52793884   0.88374401]
  [435.88076782 234.60212708   0.82695806]
  [436.4432373  230.62773132   0.78280696]
  [457.42318726 232.40565491   0.81959492]]]
[[[4.43907898e+02 7.86027069e+01 8.90524280e-01]
  [4.57399780e+02 8.56409607e+01 8.66858389e-01]
  [4.59873474e+02 1.18823097e+02 3.81241171e-01]
  [0.00000000e+00 0.00000000e+00 0.00000000e+00]
  [4.78059998e+02 9.12063522e+01 1.00000000e+00]
  [4.89198822e+02 1.27330101e+02 9.28599068e-01]
  [4.85614075e+02 1.59661316e+02 8.17758939e-01]
  [4.63854309e+02 1.50329178e+02 9.47506480e-01]
  [4.57887787e+02 1.49373672e+02 9.01835352e-01]
  [4.59236542e+02 1.90976761e+02 8.07189652e-01]
  [4.55186188e+02 2.27880508e+02 8.14984207e-01]
  [4.69738129e+02 1.51196747e+02 9.82834054e-01]
  [4.69437592e+02 1.94416275e+02 9.36226248e-01]
  [4.66485626e+02 2.37301468e+02 9.36231827e-01]
  [4.42092926e+02 7.53425064e+01 6.54805521e-01]
  [4.45063721e+02 7.40832214e+01 9.27794287e-01]
  [0.00000000e+00 0.00000000e+00 0.00000000e+00]
  [4.55617554e+02 6.95273132e+01 9.21995796e-01]
  [4.48880371e+02 2.45672256e+02 8.80821763e-01]
  [4.53080841e+02 2.47185974e+02 8.09228194e-01]
  [4.70133057e+02 2.41709305e+02 9.17917786e-01]
  [4.36190491e+02 2.35041733e+02 8.58700805e-01]
  [4.36408386e+02 2.30904831e+02 8.02519455e-01]
  [4.57355835e+02 2.32627869e+02 8.23662176e-01]]]
[[[4.41736084e+02 8.40897446e+01 8.28338387e-01]
  [4.57546906e+02 8.62902527e+01 8.05707105e-01]
  [4.40838989e+02 8.18068542e+01 3.14563445e-01]
  [0.00000000e+00 0.00000000e+00 0.00000000e+00]
  [4.75832733e+02 9.15293732e+01 8.88817485e-01]
  [4.96575653e+02 1.22403610e+02 6.87548927e-01]
  [5.00812439e+02 1.51716705e+02 3.09656892e-01]
  [4.66462372e+02 1.50206650e+02 9.01306320e-01]
  [4.61136475e+02 1.49270950e+02 8.91159095e-01]
  [4.64930328e+02 1.91702469e+02 7.20565158e-01]
  [4.53398926e+02 2.28180084e+02 3.38597464e-01]
  [4.71122040e+02 1.51413895e+02 8.88283878e-01]
  [4.67031311e+02 1.93102371e+02 8.88031110e-01]
  [4.66686981e+02 2.36636551e+02 7.74223835e-01]
  [4.39602051e+02 8.10115051e+01 3.66927828e-01]
  [4.41779480e+02 7.96094055e+01 9.13807404e-01]
  [0.00000000e+00 0.00000000e+00 0.00000000e+00]
  [4.52401245e+02 7.36175079e+01 1.00000000e+00]
  [4.48772339e+02 2.45485016e+02 8.23310217e-01]
  [4.53552338e+02 2.47020218e+02 8.04490161e-01]
  [4.70030853e+02 2.41800995e+02 8.58581929e-01]
  [4.36143402e+02 2.35003448e+02 5.09736360e-01]
  [4.36346649e+02 2.30879807e+02 6.23931030e-01]
  [4.57332703e+02 2.33024170e+02 5.01141769e-01]]]
[[[4.39212463e+02 8.61873856e+01 8.09293079e-01]
  [4.58539948e+02 8.89968643e+01 8.16449760e-01]
  [4.62493744e+02 1.14869949e+02 3.47988015e-01]
  [0.00000000e+00 0.00000000e+00 0.00000000e+00]
  [4.74248840e+02 9.21918411e+01 8.20209013e-01]
  [5.01021881e+02 1.14674438e+02 5.65755173e-01]
  [0.00000000e+00 0.00000000e+00 0.00000000e+00]
  [4.68176208e+02 1.50213165e+02 8.72038552e-01]
  [4.62479034e+02 1.49614655e+02 8.88704249e-01]
  [4.58755676e+02 1.90515762e+02 8.59706817e-01]
  [4.54459564e+02 2.27663010e+02 8.31559257e-01]
  [4.74315247e+02 1.50047668e+02 8.77891930e-01]
  [4.73396912e+02 1.95130112e+02 1.00000000e+00]
  [4.66571716e+02 2.36803452e+02 9.37538163e-01]
  [4.36490082e+02 8.26589050e+01 4.75561296e-01]
  [4.39117462e+02 8.18552094e+01 7.84012854e-01]
  [0.00000000e+00 0.00000000e+00 0.00000000e+00]
  [4.47382935e+02 7.64966431e+01 7.91284320e-01]
  [4.49139557e+02 2.45474838e+02 8.84668324e-01]
  [4.53631134e+02 2.47121002e+02 8.16573833e-01]
  [4.69919281e+02 2.41668137e+02 9.39288913e-01]
  [4.36157135e+02 2.35098633e+02 8.39394151e-01]
  [4.36576843e+02 2.31268753e+02 8.14486459e-01]
  [4.57342987e+02 2.32195862e+02 8.17181976e-01]]]
[[[4.37081482e+02 8.46358109e+01 8.21057000e-01]
  [4.56235229e+02 8.97072144e+01 8.06652860e-01]
  [0.00000000e+00 0.00000000e+00 0.00000000e+00]
  [0.00000000e+00 0.00000000e+00 0.00000000e+00]
  [4.71762177e+02 9.00022736e+01 8.39315036e-01]
  [4.99089203e+02 1.05168816e+02 3.20155639e-01]
  [0.00000000e+00 0.00000000e+00 0.00000000e+00]
  [4.67182892e+02 1.50092834e+02 8.70758634e-01]
  [4.60102936e+02 1.49170944e+02 8.61636412e-01]
  [4.55264801e+02 1.89822906e+02 8.26848492e-01]
  [4.55185791e+02 2.27549927e+02 8.29111008e-01]
  [4.73946381e+02 1.49488403e+02 9.18854601e-01]
  [4.70832184e+02 1.94265686e+02 9.91826773e-01]
  [4.65828949e+02 2.37971863e+02 9.61798655e-01]
  [4.35407043e+02 8.11949844e+01 4.92412894e-01]
  [4.37938171e+02 8.02909622e+01 8.07355872e-01]
  [0.00000000e+00 0.00000000e+00 0.00000000e+00]
  [4.47198639e+02 7.51161270e+01 7.95249976e-01]
  [4.46423462e+02 2.45065231e+02 8.97558580e-01]
  [4.52346649e+02 2.47684555e+02 8.77574631e-01]
  [4.68540497e+02 2.42272415e+02 9.09114461e-01]
  [4.35938263e+02 2.34287979e+02 8.69200714e-01]
  [4.36580170e+02 2.29869354e+02 7.84430970e-01]
  [4.57661499e+02 2.32008194e+02 8.64496022e-01]]]
[[[4.36122101e+02 8.41450653e+01 8.70432404e-01]
  [4.54739929e+02 8.95091858e+01 7.95774749e-01]
  [4.62232971e+02 1.13322479e+02 2.90756542e-01]
  [0.00000000e+00 0.00000000e+00 0.00000000e+00]
  [4.70314697e+02 9.03389969e+01 8.49783466e-01]
  [4.98618347e+02 1.02313087e+02 4.24166058e-01]
  [0.00000000e+00 0.00000000e+00 0.00000000e+00]
  [4.68333740e+02 1.48154266e+02 9.22495122e-01]
  [4.61604370e+02 1.47625809e+02 9.10240099e-01]
  [4.55779877e+02 1.88564941e+02 8.27043863e-01]
  [4.54076385e+02 2.26182373e+02 8.05147623e-01]
  [4.75346008e+02 1.48731674e+02 9.03503059e-01]
  [4.69799927e+02 1.93890106e+02 9.93748724e-01]
  [4.65422119e+02 2.37829605e+02 9.72248275e-01]
  [4.34324066e+02 8.07544174e+01 5.39885926e-01]
  [4.36855804e+02 7.94603500e+01 8.95712715e-01]
  [0.00000000e+00 0.00000000e+00 0.00000000e+00]
  [4.47108398e+02 7.51478500e+01 8.49410930e-01]
  [4.46631073e+02 2.45125671e+02 8.99262446e-01]
  [4.53181641e+02 2.47397278e+02 8.72233180e-01]
  [4.68470093e+02 2.42234192e+02 9.18524052e-01]
  [4.34921234e+02 2.32020081e+02 8.15862872e-01]
  [4.36071991e+02 2.29323532e+02 8.36685473e-01]
  [4.57080139e+02 2.31032196e+02 7.98464661e-01]]]
[[[433.11453247  84.38475037   0.91209342]
  [451.47702026  88.57064819   0.85401563]
  [  0.           0.           0.        ]
  [  0.           0.           0.        ]
  [468.49588013  94.75718689   0.92138642]
  [493.69296265 118.79573059   0.79566601]
  [  0.           0.           0.        ]
  [466.40896606 147.13801575   0.9088626 ]
  [460.39428711 146.55863953   0.87724131]
  [455.59521484 190.11636353   0.85292026]
  [453.94210815 227.41497803   0.77136299]
  [473.87838745 147.76257324   0.93103256]
  [464.32122803 191.55088806   0.91356686]
  [465.05697632 236.74305725   0.90219676]
  [431.31054688  80.95749664   0.56778506]
  [433.86676025  80.35455322   0.98382876]
  [  0.           0.           0.        ]
  [443.88796997  76.92860413   1.        ]
  [446.07498169 245.20991516   0.92133853]
  [452.20257568 247.43907166   0.90348824]
  [469.03555298 241.32376099   0.92379642]
  [435.89389038 234.29438782   0.78843847]
  [436.0178833  230.3452301    0.71701691]
  [456.73239136 232.05836487   0.76532886]]]
[[[4.33285126e+02 8.53714905e+01 8.78067549e-01]
  [4.51772949e+02 8.77661209e+01 7.86505105e-01]
  [4.57865417e+02 1.19030853e+02 4.02064090e-01]
  [0.00000000e+00 0.00000000e+00 0.00000000e+00]
  [4.71107941e+02 9.61340485e+01 8.81217166e-01]
  [4.83123108e+02 1.32573090e+02 8.65462523e-01]
  [4.90618927e+02 1.63089111e+02 7.00414466e-01]
  [4.65552551e+02 1.47710876e+02 8.99755059e-01]
  [4.59345795e+02 1.46668976e+02 9.09736335e-01]
  [4.55659210e+02 1.88456009e+02 8.45353112e-01]
  [4.53087524e+02 2.26483398e+02 7.53870481e-01]
  [4.72173279e+02 1.48519714e+02 9.15457023e-01]
  [4.62942993e+02 1.92198593e+02 9.44083256e-01]
  [4.65550964e+02 2.36213562e+02 9.32277546e-01]
  [4.32119720e+02 8.09895096e+01 5.08772142e-01]
  [4.33359161e+02 8.08520203e+01 9.04111730e-01]
  [0.00000000e+00 0.00000000e+00 0.00000000e+00]
  [4.44471558e+02 7.41666336e+01 8.98058359e-01]
  [4.46060394e+02 2.45133392e+02 9.22203181e-01]
  [4.51926208e+02 2.47424240e+02 9.03753754e-01]
  [4.70627533e+02 2.41604904e+02 1.00000000e+00]
  [4.35186493e+02 2.32187210e+02 7.82207095e-01]
  [4.36319733e+02 2.29518311e+02 8.06685944e-01]
  [4.56218323e+02 2.31420151e+02 7.07631670e-01]]]
[[[442.09625244  76.89199829   0.88078435]
  [453.71313477  83.80767822   0.78371914]
  [430.04104614  99.27120972   0.61723697]
  [402.87930298 106.85121918   0.50726603]
  [472.84472656  89.89250946   0.85487366]
  [440.01779175 109.4264679    0.79992641]
  [401.37835693 109.58646393   0.59774098]
  [468.8192749  146.17407227   0.91216362]
  [461.07894897 145.40055847   0.89947433]
  [456.76815796 189.85920715   0.82547357]
  [453.0625     228.05206299   0.81744173]
  [477.01358032 147.38034058   0.91594474]
  [466.66409302 193.8775177    0.9864774 ]
  [465.74743652 237.38900757   1.        ]
  [440.82089233  73.73946381   0.5658749 ]
  [443.97467041  73.06407166   0.86405278]
  [  0.           0.           0.        ]
  [455.36431885  70.20500183   0.81787226]
  [446.52816772 246.20817566   0.9307756 ]
  [451.37606812 248.14271545   0.87170356]
  [469.32315063 242.54679871   0.95824139]
  [434.11392212 232.6459198    0.81003013]
  [435.427948   230.06459045   0.82955859]
  [456.08270264 233.6660614    0.76888042]]]
[[[4.40691559e+02 7.39721756e+01 8.76616482e-01]
  [4.63607666e+02 8.37072601e+01 5.83275400e-01]
  [4.34093140e+02 8.30082169e+01 2.46763749e-01]
  [0.00000000e+00 0.00000000e+00 0.00000000e+00]
  [4.69652527e+02 8.47611465e+01 8.33142847e-01]
  [4.39719330e+02 7.65013504e+01 6.94304900e-01]
  [4.08257324e+02 6.01410370e+01 4.85605764e-01]
  [4.69666779e+02 1.46059799e+02 8.20196036e-01]
  [4.63000214e+02 1.45337616e+02 8.08923180e-01]
  [4.62839813e+02 1.89502670e+02 6.81361272e-01]
  [4.53135284e+02 2.27383087e+02 6.75292413e-01]
  [4.75923737e+02 1.47723694e+02 7.95188525e-01]
  [4.68662598e+02 1.92163437e+02 8.05521513e-01]
  [4.66463959e+02 2.36846115e+02 8.12714629e-01]
  [4.39561157e+02 7.14240341e+01 3.58219288e-01]
  [4.42056946e+02 6.96265259e+01 9.24161265e-01]
  [0.00000000e+00 0.00000000e+00 0.00000000e+00]
  [4.55058838e+02 6.76708527e+01 1.00000000e+00]
  [4.47456848e+02 2.45766769e+02 8.30107102e-01]
  [4.51810883e+02 2.47636185e+02 7.83776803e-01]
  [4.70146820e+02 2.41906357e+02 8.65358766e-01]
  [4.34310516e+02 2.34357574e+02 7.46295978e-01]
  [4.35079834e+02 2.30434814e+02 7.41905062e-01]
  [4.55657654e+02 2.32808228e+02 7.26158979e-01]]]
[[[4.41515411e+02 7.35635147e+01 8.63910342e-01]
  [4.59930573e+02 8.62923050e+01 6.02797659e-01]
  [4.33302521e+02 7.79264755e+01 3.51565914e-01]
  [4.13930359e+02 5.41040878e+01 2.57594048e-01]
  [4.68519196e+02 8.33835068e+01 8.20164076e-01]
  [4.39854614e+02 7.06787643e+01 7.15379391e-01]
  [4.09485413e+02 5.22048645e+01 4.31815474e-01]
  [4.71953125e+02 1.46082336e+02 8.22082036e-01]
  [4.68344147e+02 1.45735703e+02 7.97122922e-01]
  [4.61564240e+02 1.89779755e+02 6.01663750e-01]
  [4.53261200e+02 2.26907776e+02 6.70851188e-01]
  [4.76009155e+02 1.47739792e+02 8.37028172e-01]
  [4.69664001e+02 1.92500351e+02 7.64734227e-01]
  [4.66276581e+02 2.36639420e+02 8.21806620e-01]
  [4.40245728e+02 7.14273911e+01 4.06272335e-01]
  [4.42771576e+02 6.96022644e+01 9.01682679e-01]
  [0.00000000e+00 0.00000000e+00 0.00000000e+00]
  [4.55454224e+02 6.70373230e+01 1.00000000e+00]
  [4.47392975e+02 2.45542587e+02 8.31961430e-01]
  [4.51516937e+02 2.47431503e+02 7.72657917e-01]
  [4.69646606e+02 2.41761719e+02 8.74008677e-01]
  [4.33612183e+02 2.32077240e+02 7.63296591e-01]
  [4.34593140e+02 2.29539291e+02 8.11245039e-01]
  [4.55761932e+02 2.32192535e+02 7.33014730e-01]]]
[[[4.39007172e+02 7.70810776e+01 9.56242236e-01]
  [4.56778717e+02 8.63335266e+01 7.50484528e-01]
  [4.27654022e+02 9.26564789e+01 5.73334634e-01]
  [4.01294403e+02 8.69748154e+01 4.10989324e-01]
  [4.69216431e+02 8.94606781e+01 9.10348877e-01]
  [4.37028748e+02 9.69661560e+01 7.62992392e-01]
  [0.00000000e+00 0.00000000e+00 0.00000000e+00]
  [4.70287170e+02 1.47253510e+02 8.45795142e-01]
  [4.62175934e+02 1.47218796e+02 8.72043186e-01]
  [4.57871338e+02 1.90494553e+02 8.43525009e-01]
  [4.53617218e+02 2.27280594e+02 8.41467154e-01]
  [4.78795349e+02 1.48825226e+02 8.52858077e-01]
  [4.72151398e+02 1.94222443e+02 8.93881546e-01]
  [4.65211395e+02 2.37720901e+02 9.02856138e-01]
  [4.37037170e+02 7.39078445e+01 6.67343745e-01]
  [4.40860260e+02 7.29989166e+01 9.55903013e-01]
  [0.00000000e+00 0.00000000e+00 0.00000000e+00]
  [4.55470184e+02 7.01671448e+01 1.00000000e+00]
  [4.46485321e+02 2.44997757e+02 8.95113721e-01]
  [4.52237793e+02 2.47619980e+02 8.65202456e-01]
  [4.68467224e+02 2.42818802e+02 9.13837643e-01]
  [4.33488068e+02 2.32098755e+02 8.54116825e-01]
  [4.35279755e+02 2.29311722e+02 8.29786557e-01]
  [4.55981506e+02 2.33115936e+02 8.10641284e-01]]

 [[0.00000000e+00 0.00000000e+00 0.00000000e+00]
  [0.00000000e+00 0.00000000e+00 0.00000000e+00]
  [0.00000000e+00 0.00000000e+00 0.00000000e+00]
  [0.00000000e+00 0.00000000e+00 0.00000000e+00]
  [0.00000000e+00 0.00000000e+00 0.00000000e+00]
  [4.25745972e+02 9.18642578e+01 6.93694115e-01]
  [3.98637268e+02 8.56078720e+01 5.84288727e-01]
  [0.00000000e+00 0.00000000e+00 0.00000000e+00]
  [0.00000000e+00 0.00000000e+00 0.00000000e+00]
  [0.00000000e+00 0.00000000e+00 0.00000000e+00]
  [0.00000000e+00 0.00000000e+00 0.00000000e+00]
  [0.00000000e+00 0.00000000e+00 0.00000000e+00]
  [0.00000000e+00 0.00000000e+00 0.00000000e+00]
  [0.00000000e+00 0.00000000e+00 0.00000000e+00]
  [0.00000000e+00 0.00000000e+00 0.00000000e+00]
  [0.00000000e+00 0.00000000e+00 0.00000000e+00]
  [0.00000000e+00 0.00000000e+00 0.00000000e+00]
  [0.00000000e+00 0.00000000e+00 0.00000000e+00]
  [0.00000000e+00 0.00000000e+00 0.00000000e+00]
  [0.00000000e+00 0.00000000e+00 0.00000000e+00]
  [0.00000000e+00 0.00000000e+00 0.00000000e+00]
  [0.00000000e+00 0.00000000e+00 0.00000000e+00]
  [0.00000000e+00 0.00000000e+00 0.00000000e+00]
  [0.00000000e+00 0.00000000e+00 0.00000000e+00]]]
[[[4.40518829e+02 7.40734634e+01 9.20050347e-01]
  [4.48796509e+02 8.87763748e+01 8.68667284e-01]
  [4.28373047e+02 1.07379555e+02 6.30609611e-01]
  [4.02390045e+02 1.19810234e+02 5.71463958e-01]
  [4.69235718e+02 9.11147537e+01 9.08705520e-01]
  [4.38396851e+02 1.12984261e+02 8.48681881e-01]
  [3.99531860e+02 1.21952904e+02 4.58751475e-01]
  [4.69160950e+02 1.47470734e+02 8.92825057e-01]
  [4.60639221e+02 1.47797974e+02 8.89296077e-01]
  [4.57980804e+02 1.91093994e+02 8.55120547e-01]
  [4.53670746e+02 2.27784256e+02 8.40054158e-01]
  [4.78023010e+02 1.48076508e+02 8.99068997e-01]
  [4.74092926e+02 1.95194321e+02 1.00000000e+00]
  [4.65727173e+02 2.38142105e+02 9.50754291e-01]
  [4.39276917e+02 7.04191360e+01 7.26491412e-01]
  [4.43083435e+02 6.97282257e+01 9.21959165e-01]
  [0.00000000e+00 0.00000000e+00 0.00000000e+00]
  [4.55866425e+02 6.82348099e+01 9.01643992e-01]
  [4.46389679e+02 2.45017090e+02 9.10630553e-01]
  [4.52086823e+02 2.47601715e+02 8.78525759e-01]
  [4.68624847e+02 2.42971695e+02 9.25001331e-01]
  [4.34327911e+02 2.31140274e+02 8.24984493e-01]
  [4.35521973e+02 2.28779694e+02 8.29627789e-01]
  [4.56666870e+02 2.33081894e+02 8.09644679e-01]]]
[[[4.27205109e+02 7.52384872e+01 9.66639938e-01]
  [4.45224426e+02 9.09660492e+01 8.14388105e-01]
  [4.56632141e+02 1.20494957e+02 3.73378740e-01]
  [0.00000000e+00 0.00000000e+00 0.00000000e+00]
  [4.60037598e+02 9.55641556e+01 9.45970873e-01]
  [4.69983643e+02 1.33158203e+02 8.10387503e-01]
  [4.75322235e+02 1.59855072e+02 5.41963556e-01]
  [4.63103180e+02 1.49589569e+02 9.25900296e-01]
  [4.57567810e+02 1.49010101e+02 9.25298380e-01]
  [4.57486023e+02 1.91656891e+02 8.22199775e-01]
  [4.54146149e+02 2.28507355e+02 7.91739639e-01]
  [4.68375366e+02 1.49936218e+02 8.97678207e-01]
  [4.71291901e+02 1.93874939e+02 8.82525177e-01]
  [4.66357117e+02 2.37887924e+02 8.74288369e-01]
  [4.25938049e+02 7.10230179e+01 7.98386499e-01]
  [4.31239410e+02 7.03590622e+01 1.00000000e+00]
  [0.00000000e+00 0.00000000e+00 0.00000000e+00]
  [4.44884155e+02 6.95666656e+01 9.69476423e-01]
  [4.46392761e+02 2.44876038e+02 8.44418315e-01]
  [4.51886810e+02 2.47377380e+02 8.34648708e-01]
  [4.69081024e+02 2.42673477e+02 8.85969609e-01]
  [4.35654327e+02 2.34342239e+02 7.95189213e-01]
  [4.36274628e+02 2.30332138e+02 7.36773921e-01]
  [4.56728943e+02 2.33378937e+02 8.05922873e-01]]]
[[[4.07254944e+02 9.17050095e+01 8.46812243e-01]
  [4.41581940e+02 9.47651978e+01 6.48359489e-01]
  [4.73731293e+02 9.68553619e+01 3.56700008e-01]
  [4.95892700e+02 8.60634384e+01 2.58919216e-01]
  [4.37538940e+02 1.00744965e+02 8.58565293e-01]
  [4.66143463e+02 1.04227493e+02 6.64835118e-01]
  [0.00000000e+00 0.00000000e+00 0.00000000e+00]
  [4.63681183e+02 1.50184845e+02 7.28813059e-01]
  [4.52845673e+02 1.51714401e+02 8.00190658e-01]
  [4.48385529e+02 1.90146973e+02 8.19351716e-01]
  [4.55701660e+02 2.24338196e+02 8.82185195e-01]
  [4.73172455e+02 1.49684662e+02 8.12787534e-01]
  [4.59832886e+02 1.93082230e+02 8.60529154e-01]
  [4.67627808e+02 2.37453842e+02 8.34858074e-01]
  [0.00000000e+00 0.00000000e+00 0.00000000e+00]
  [4.09516205e+02 8.73841019e+01 8.59072420e-01]
  [0.00000000e+00 0.00000000e+00 0.00000000e+00]
  [4.19439392e+02 8.73445816e+01 8.32485020e-01]
  [4.46704895e+02 2.45078964e+02 8.18868075e-01]
  [4.52435852e+02 2.47147766e+02 8.32801657e-01]
  [4.71939819e+02 2.42090515e+02 8.47181959e-01]
  [4.36378754e+02 2.30687424e+02 8.41507284e-01]
  [4.37457092e+02 2.27951263e+02 8.90020865e-01]
  [4.59844543e+02 2.27554260e+02 1.00000000e+00]]]
[[[3.89702423e+02 1.47336395e+02 7.79071387e-01]
  [4.20679871e+02 1.45331573e+02 3.82987072e-01]
  [0.00000000e+00 0.00000000e+00 0.00000000e+00]
  [0.00000000e+00 0.00000000e+00 0.00000000e+00]
  [4.23353760e+02 1.45578537e+02 7.06876221e-01]
  [4.49469147e+02 1.22373779e+02 3.41744257e-01]
  [4.68326630e+02 1.00571716e+02 2.95885036e-01]
  [4.65338776e+02 1.73026962e+02 7.69967157e-01]
  [4.57249969e+02 1.74855621e+02 7.13860568e-01]
  [4.32569275e+02 2.03884460e+02 7.76762084e-01]
  [4.52812988e+02 2.29570877e+02 8.55356449e-01]
  [4.71610687e+02 1.71775665e+02 8.54359884e-01]
  [4.40895752e+02 2.05326797e+02 8.33792867e-01]
  [4.61444153e+02 2.39216248e+02 8.73387281e-01]
  [0.00000000e+00 0.00000000e+00 0.00000000e+00]
  [3.90228180e+02 1.41857422e+02 7.78071766e-01]
  [0.00000000e+00 0.00000000e+00 0.00000000e+00]
  [4.00561951e+02 1.40092484e+02 7.05300461e-01]
  [4.44891357e+02 2.47448273e+02 9.03983783e-01]
  [4.50006439e+02 2.48660522e+02 9.29834248e-01]
  [4.66989807e+02 2.41627518e+02 8.78862929e-01]
  [4.39288086e+02 2.35781525e+02 1.00000000e+00]
  [4.39002228e+02 2.33601730e+02 8.81823024e-01]
  [4.55190369e+02 2.31329987e+02 8.65739416e-01]]

 [[0.00000000e+00 0.00000000e+00 0.00000000e+00]
  [0.00000000e+00 0.00000000e+00 0.00000000e+00]
  [0.00000000e+00 0.00000000e+00 0.00000000e+00]
  [0.00000000e+00 0.00000000e+00 0.00000000e+00]
  [0.00000000e+00 0.00000000e+00 0.00000000e+00]
  [0.00000000e+00 0.00000000e+00 0.00000000e+00]
  [0.00000000e+00 0.00000000e+00 0.00000000e+00]
  [0.00000000e+00 0.00000000e+00 0.00000000e+00]
  [0.00000000e+00 0.00000000e+00 0.00000000e+00]
  [4.32148529e+02 1.96610611e+02 8.65946412e-01]
  [0.00000000e+00 0.00000000e+00 0.00000000e+00]
  [0.00000000e+00 0.00000000e+00 0.00000000e+00]
  [0.00000000e+00 0.00000000e+00 0.00000000e+00]
  [0.00000000e+00 0.00000000e+00 0.00000000e+00]
  [0.00000000e+00 0.00000000e+00 0.00000000e+00]
  [0.00000000e+00 0.00000000e+00 0.00000000e+00]
  [0.00000000e+00 0.00000000e+00 0.00000000e+00]
  [0.00000000e+00 0.00000000e+00 0.00000000e+00]
  [0.00000000e+00 0.00000000e+00 0.00000000e+00]
  [0.00000000e+00 0.00000000e+00 0.00000000e+00]
  [0.00000000e+00 0.00000000e+00 0.00000000e+00]
  [0.00000000e+00 0.00000000e+00 0.00000000e+00]
  [0.00000000e+00 0.00000000e+00 0.00000000e+00]
  [0.00000000e+00 0.00000000e+00 0.00000000e+00]]]
[[[3.79036682e+02 1.57024780e+02 7.78313409e-01]
  [4.14724152e+02 1.50374908e+02 4.63220986e-01]
  [0.00000000e+00 0.00000000e+00 0.00000000e+00]
  [0.00000000e+00 0.00000000e+00 0.00000000e+00]
  [4.11493225e+02 1.59234207e+02 6.70012464e-01]
  [0.00000000e+00 0.00000000e+00 0.00000000e+00]
  [0.00000000e+00 0.00000000e+00 0.00000000e+00]
  [4.55077850e+02 1.78126038e+02 8.78916808e-01]
  [4.48862122e+02 1.78462143e+02 8.68457183e-01]
  [4.24559662e+02 2.01365723e+02 8.83746585e-01]
  [4.48702820e+02 2.29162354e+02 6.89964050e-01]
  [4.61616394e+02 1.80294052e+02 9.02667007e-01]
  [4.33903320e+02 2.09077179e+02 8.74788484e-01]
  [4.60678986e+02 2.38069077e+02 9.48210870e-01]
  [0.00000000e+00 0.00000000e+00 0.00000000e+00]
  [3.80530243e+02 1.52701370e+02 7.78823040e-01]
  [0.00000000e+00 0.00000000e+00 0.00000000e+00]
  [3.93054474e+02 1.52064194e+02 6.63648984e-01]
  [4.45436279e+02 2.46763580e+02 1.00000000e+00]
  [4.50466278e+02 2.48117233e+02 9.83962021e-01]
  [4.65856934e+02 2.40389648e+02 9.33542991e-01]
  [4.35866211e+02 2.34843887e+02 7.71932764e-01]
  [4.37377594e+02 2.33095535e+02 7.76325435e-01]
  [4.51963440e+02 2.31986542e+02 6.13384262e-01]]]
[[[3.61146759e+02 1.40081451e+02 8.41972532e-01]
  [3.82575256e+02 1.50100052e+02 4.72408350e-01]
  [3.68280609e+02 1.76292023e+02 3.61438052e-01]
  [3.50727936e+02 1.92870621e+02 3.00344196e-01]
  [3.96210907e+02 1.52723450e+02 7.33383922e-01]
  [3.82466522e+02 1.81888321e+02 7.55693663e-01]
  [3.58222809e+02 1.99737961e+02 7.88303460e-01]
  [4.35675568e+02 1.70694565e+02 8.67118924e-01]
  [4.26095886e+02 1.72357773e+02 7.61503454e-01]
  [4.15026489e+02 2.09815964e+02 4.36961667e-01]
  [4.48651184e+02 2.31353638e+02 3.56918208e-01]
  [4.44483093e+02 1.69866150e+02 9.38283296e-01]
  [4.24363190e+02 2.12466461e+02 9.26584404e-01]
  [4.59637451e+02 2.36836365e+02 9.58263529e-01]
  [3.61684723e+02 1.36297394e+02 3.22170375e-01]
  [3.63724304e+02 1.36192139e+02 8.29107469e-01]
  [0.00000000e+00 0.00000000e+00 0.00000000e+00]
  [3.75605560e+02 1.37710724e+02 7.30431710e-01]
  [4.44633301e+02 2.47155838e+02 9.55953677e-01]
  [4.49970947e+02 2.48152466e+02 9.26639916e-01]
  [4.65975769e+02 2.38389404e+02 1.00000000e+00]
  [4.39104828e+02 2.41482132e+02 4.05882292e-01]
  [4.40055634e+02 2.39168564e+02 4.51864850e-01]
  [4.52836365e+02 2.35899460e+02 2.92179849e-01]]]
[[[3.14711792e+02 1.02579697e+02 8.55250535e-01]
  [3.42768677e+02 1.17337639e+02 5.14879780e-01]
  [0.00000000e+00 0.00000000e+00 0.00000000e+00]
  [0.00000000e+00 0.00000000e+00 0.00000000e+00]
  [3.34766663e+02 1.17694801e+02 7.09515048e-01]
  [3.02769196e+02 1.09118904e+02 9.59985077e-01]
  [2.86270416e+02 8.26442719e+01 7.10981189e-01]
  [3.96383850e+02 1.58918747e+02 6.56453153e-01]
  [4.02721649e+02 1.53419342e+02 6.97901296e-01]
  [4.08773712e+02 2.00507996e+02 5.91945553e-01]
  [4.46667053e+02 2.29845306e+02 3.67245709e-01]
  [3.93785797e+02 1.67076538e+02 6.18206333e-01]
  [4.08579407e+02 2.06065567e+02 5.03692048e-01]
  [4.48852844e+02 2.29489716e+02 6.01535007e-01]
  [3.15420258e+02 1.00206589e+02 3.90292345e-01]
  [3.18606567e+02 9.89675140e+01 8.18325032e-01]
  [0.00000000e+00 0.00000000e+00 0.00000000e+00]
  [3.29467194e+02 1.01821655e+02 7.61508119e-01]
  [4.40824890e+02 2.47097183e+02 7.36962226e-01]
  [4.46823334e+02 2.45618195e+02 8.23166488e-01]
  [4.56385162e+02 2.27499115e+02 7.10567864e-01]
  [0.00000000e+00 0.00000000e+00 0.00000000e+00]
  [0.00000000e+00 0.00000000e+00 0.00000000e+00]
  [0.00000000e+00 0.00000000e+00 0.00000000e+00]]]
[[[2.62466187e+02 8.99692917e+01 4.55277424e-01]
  [2.82708496e+02 1.00705956e+02 5.48183877e-01]
  [2.51486526e+02 8.87752686e+01 2.49920793e-01]
  [2.49911224e+02 6.00965881e+01 2.49131819e-01]
  [2.87288971e+02 1.00806602e+02 8.96235358e-01]
  [2.50205109e+02 8.78819962e+01 8.09009172e-01]
  [2.50004791e+02 5.91625595e+01 5.09436829e-01]
  [3.22492645e+02 1.51328506e+02 9.34699491e-01]
  [3.16324799e+02 1.52449493e+02 9.39351016e-01]
  [3.32867340e+02 2.05611816e+02 5.68705556e-01]
  [0.00000000e+00 0.00000000e+00 0.00000000e+00]
  [3.30388855e+02 1.49673340e+02 1.00000000e+00]
  [3.41192841e+02 1.97282837e+02 8.60371175e-01]
  [3.88548889e+02 1.97751938e+02 4.01227802e-01]
  [0.00000000e+00 0.00000000e+00 0.00000000e+00]
  [2.62384583e+02 8.60939865e+01 6.85399931e-01]
  [0.00000000e+00 0.00000000e+00 0.00000000e+00]
  [2.70607880e+02 8.52591705e+01 8.36865742e-01]
  [0.00000000e+00 0.00000000e+00 0.00000000e+00]
  [0.00000000e+00 0.00000000e+00 0.00000000e+00]
  [3.91997711e+02 1.91088379e+02 2.21293068e-01]
  [0.00000000e+00 0.00000000e+00 0.00000000e+00]
  [0.00000000e+00 0.00000000e+00 0.00000000e+00]
  [0.00000000e+00 0.00000000e+00 0.00000000e+00]]]
[[[202.80072021 125.52033997   0.76449756]
  [233.42485046 109.28902435   0.61722222]
  [  0.           0.           0.        ]
  [  0.           0.           0.        ]
  [233.98652649 127.13630676   0.91795518]
  [196.73338318 149.20700073   0.69754324]
  [160.65975952 149.46838379   0.45780797]
  [277.58139038 156.28187561   0.88311319]
  [268.80453491 154.10353088   0.863409  ]
  [236.62071228 182.68014526   0.61988072]
  [256.45474243 217.12304688   0.42140779]
  [285.47012329 160.86045837   1.        ]
  [242.18814087 191.37255859   0.86435081]
  [260.31030273 220.2467041    0.70746732]
  [  0.           0.           0.        ]
  [202.86955261 121.66299438   0.85338778]
  [  0.           0.           0.        ]
  [214.70458984 117.44129944   0.87140685]
  [245.00904846 232.25997925   0.70612434]
  [250.70347595 233.66191101   0.74331369]
  [265.36502075 222.39108276   0.72123272]
  [244.15530396 231.83366394   0.42611514]
  [244.81809998 229.59759521   0.44153609]
  [261.04489136 219.60623169   0.4361714 ]]]
[[[1.80086807e+02 1.45488678e+02 8.17166978e-01]
  [2.02308395e+02 1.37034180e+02 6.04611332e-01]
  [1.86410553e+02 1.64112030e+02 3.12580633e-01]
  [1.63581879e+02 1.81354507e+02 1.89245107e-01]
  [2.06522583e+02 1.47894913e+02 7.86595793e-01]
  [1.92727570e+02 1.81546539e+02 7.61951415e-01]
  [1.70263275e+02 2.01780884e+02 7.59186518e-01]
  [2.50719803e+02 1.74333252e+02 9.04126148e-01]
  [2.44389984e+02 1.74087830e+02 9.01528717e-01]
  [2.01243301e+02 1.95312378e+02 6.88277092e-01]
  [1.97707047e+02 2.29911987e+02 3.52516958e-01]
  [2.57076019e+02 1.76165558e+02 9.11768698e-01]
  [2.06620224e+02 1.98302444e+02 9.16773399e-01]
  [1.94961212e+02 2.38928604e+02 9.75610823e-01]
  [1.78199112e+02 1.42012466e+02 3.06716746e-01]
  [1.79499863e+02 1.41105011e+02 7.96469485e-01]
  [0.00000000e+00 0.00000000e+00 0.00000000e+00]
  [1.91448364e+02 1.36050308e+02 8.39011875e-01]
  [1.75279572e+02 2.41498901e+02 9.85950087e-01]
  [1.81129715e+02 2.44779892e+02 1.00000000e+00]
  [1.96522385e+02 2.44138519e+02 8.83865277e-01]
  [1.76677444e+02 2.29921860e+02 2.33081193e-01]
  [1.77834061e+02 2.27178223e+02 2.26394297e-01]
  [0.00000000e+00 0.00000000e+00 0.00000000e+00]]]
[[[1.22062317e+02 1.81558502e+02 8.22460897e-01]
  [1.46070282e+02 1.67852692e+02 6.48962940e-01]
  [1.32690872e+02 1.94419098e+02 3.49522545e-01]
  [1.15615608e+02 2.12405533e+02 2.84625753e-01]
  [1.49764740e+02 1.80389511e+02 7.54307637e-01]
  [1.38464554e+02 2.14987976e+02 7.98027848e-01]
  [1.21129990e+02 2.37069092e+02 7.09664089e-01]
  [1.96921585e+02 2.03365234e+02 8.11299857e-01]
  [1.93714767e+02 2.02831299e+02 7.89618138e-01]
  [1.52753677e+02 2.12655884e+02 6.10063597e-01]
  [1.83116348e+02 2.38262543e+02 3.88616962e-01]
  [1.98595917e+02 2.04295822e+02 8.17606473e-01]
  [1.51891022e+02 2.10614410e+02 7.36822347e-01]
  [1.81036224e+02 2.42281647e+02 9.10370883e-01]
  [0.00000000e+00 0.00000000e+00 0.00000000e+00]
  [1.22014839e+02 1.76836823e+02 8.79588386e-01]
  [0.00000000e+00 0.00000000e+00 0.00000000e+00]
  [1.30244553e+02 1.71457306e+02 8.37090621e-01]
  [1.63911758e+02 2.51978699e+02 9.07195484e-01]
  [1.69244934e+02 2.53422424e+02 9.14475121e-01]
  [1.89578308e+02 2.43514832e+02 1.00000000e+00]
  [1.65217194e+02 2.47085251e+02 2.26292397e-01]
  [0.00000000e+00 0.00000000e+00 0.00000000e+00]
  [1.89296814e+02 2.39707520e+02 2.83593993e-01]]]
[[[1.16331619e+02 1.84736282e+02 5.65495654e-01]
  [1.35930115e+02 1.59703552e+02 3.41032570e-01]
  [1.44204880e+02 1.96875595e+02 2.17342568e-01]
  [0.00000000e+00 0.00000000e+00 0.00000000e+00]
  [1.41847153e+02 1.72742722e+02 6.09740904e-01]
  [1.51615997e+02 2.01666962e+02 5.93428187e-01]
  [1.36405624e+02 2.26549988e+02 5.97227689e-01]
  [1.97088165e+02 1.68586441e+02 7.77212109e-01]
  [2.03068130e+02 1.65995911e+02 6.83165656e-01]
  [1.70879074e+02 2.01065308e+02 4.22770622e-01]
  [1.80528595e+02 2.35144455e+02 2.05850335e-01]
  [1.98200180e+02 1.66557953e+02 7.97326612e-01]
  [1.61758698e+02 2.02708710e+02 8.58972267e-01]
  [1.82039322e+02 2.41343781e+02 9.73934965e-01]
  [0.00000000e+00 0.00000000e+00 0.00000000e+00]
  [1.16052788e+02 1.82157349e+02 6.20024009e-01]
  [0.00000000e+00 0.00000000e+00 0.00000000e+00]
  [1.19798653e+02 1.73060867e+02 5.46490163e-01]
  [1.64073502e+02 2.52638824e+02 9.77736844e-01]
  [1.69406876e+02 2.53150269e+02 9.58445842e-01]
  [1.88950974e+02 2.44761230e+02 1.00000000e+00]
  [0.00000000e+00 0.00000000e+00 0.00000000e+00]
  [0.00000000e+00 0.00000000e+00 0.00000000e+00]
  [1.89586029e+02 2.39848083e+02 1.63832373e-01]]

 [[0.00000000e+00 0.00000000e+00 0.00000000e+00]
  [1.36086212e+02 1.72939789e+02 2.37521091e-01]
  [1.33382263e+02 1.98703674e+02 4.87587995e-01]
  [1.25035698e+02 2.24008759e+02 7.17216969e-01]
  [0.00000000e+00 0.00000000e+00 0.00000000e+00]
  [0.00000000e+00 0.00000000e+00 0.00000000e+00]
  [0.00000000e+00 0.00000000e+00 0.00000000e+00]
  [0.00000000e+00 0.00000000e+00 0.00000000e+00]
  [1.91182922e+02 1.70296860e+02 1.96698533e-01]
  [0.00000000e+00 0.00000000e+00 0.00000000e+00]
  [0.00000000e+00 0.00000000e+00 0.00000000e+00]
  [0.00000000e+00 0.00000000e+00 0.00000000e+00]
  [0.00000000e+00 0.00000000e+00 0.00000000e+00]
  [0.00000000e+00 0.00000000e+00 0.00000000e+00]
  [0.00000000e+00 0.00000000e+00 0.00000000e+00]
  [0.00000000e+00 0.00000000e+00 0.00000000e+00]
  [0.00000000e+00 0.00000000e+00 0.00000000e+00]
  [0.00000000e+00 0.00000000e+00 0.00000000e+00]
  [0.00000000e+00 0.00000000e+00 0.00000000e+00]
  [0.00000000e+00 0.00000000e+00 0.00000000e+00]
  [0.00000000e+00 0.00000000e+00 0.00000000e+00]
  [0.00000000e+00 0.00000000e+00 0.00000000e+00]
  [0.00000000e+00 0.00000000e+00 0.00000000e+00]
  [0.00000000e+00 0.00000000e+00 0.00000000e+00]]]
[[[1.18135910e+02 1.88944473e+02 3.97230720e-01]
  [1.33076950e+02 1.60874817e+02 3.65447504e-01]
  [1.43660248e+02 1.92370529e+02 2.02527746e-01]
  [0.00000000e+00 0.00000000e+00 0.00000000e+00]
  [1.37703415e+02 1.73464767e+02 4.84411100e-01]
  [1.57180176e+02 1.94167664e+02 4.09847539e-01]
  [1.52940308e+02 2.22306702e+02 4.26456297e-01]
  [1.92935623e+02 1.54632904e+02 7.16125717e-01]
  [2.00050171e+02 1.54521042e+02 7.08187452e-01]
  [1.70331360e+02 2.02884476e+02 5.49615453e-01]
  [0.00000000e+00 0.00000000e+00 0.00000000e+00]
  [1.94516754e+02 1.53888794e+02 7.21569343e-01]
  [1.65982697e+02 2.03449585e+02 8.50610560e-01]
  [1.83959869e+02 2.42341949e+02 9.81365561e-01]
  [1.14764114e+02 1.87030777e+02 2.20807310e-01]
  [1.19425171e+02 1.87065964e+02 5.67282915e-01]
  [0.00000000e+00 0.00000000e+00 0.00000000e+00]
  [1.20370232e+02 1.77544846e+02 5.69657488e-01]
  [1.64425980e+02 2.53079407e+02 8.77066378e-01]
  [1.69993759e+02 2.54036865e+02 8.79685933e-01]
  [1.88885468e+02 2.45789505e+02 9.01783172e-01]
  [0.00000000e+00 0.00000000e+00 0.00000000e+00]
  [0.00000000e+00 0.00000000e+00 0.00000000e+00]
  [0.00000000e+00 0.00000000e+00 0.00000000e+00]]

 [[0.00000000e+00 0.00000000e+00 0.00000000e+00]
  [1.34240311e+02 1.73972443e+02 2.30659503e-01]
  [1.34174225e+02 1.95305695e+02 5.09686895e-01]
  [1.25137344e+02 2.24142838e+02 7.25757062e-01]
  [1.37594421e+02 1.67752579e+02 1.93046231e-01]
  [0.00000000e+00 0.00000000e+00 0.00000000e+00]
  [0.00000000e+00 0.00000000e+00 0.00000000e+00]
  [0.00000000e+00 0.00000000e+00 0.00000000e+00]
  [0.00000000e+00 0.00000000e+00 0.00000000e+00]
  [0.00000000e+00 0.00000000e+00 0.00000000e+00]
  [0.00000000e+00 0.00000000e+00 0.00000000e+00]
  [0.00000000e+00 0.00000000e+00 0.00000000e+00]
  [0.00000000e+00 0.00000000e+00 0.00000000e+00]
  [0.00000000e+00 0.00000000e+00 0.00000000e+00]
  [0.00000000e+00 0.00000000e+00 0.00000000e+00]
  [0.00000000e+00 0.00000000e+00 0.00000000e+00]
  [0.00000000e+00 0.00000000e+00 0.00000000e+00]
  [0.00000000e+00 0.00000000e+00 0.00000000e+00]
  [0.00000000e+00 0.00000000e+00 0.00000000e+00]
  [0.00000000e+00 0.00000000e+00 0.00000000e+00]
  [0.00000000e+00 0.00000000e+00 0.00000000e+00]
  [0.00000000e+00 0.00000000e+00 0.00000000e+00]
  [0.00000000e+00 0.00000000e+00 0.00000000e+00]
  [0.00000000e+00 0.00000000e+00 0.00000000e+00]]]
[[[115.68338776 183.80131531   0.70778421]
  [130.49822998 162.03222656   0.49545395]
  [135.58547974 192.65182495   0.33064623]
  [123.3806839  220.0670166    0.37528317]
  [136.55363464 166.62980652   0.78263722]
  [163.57600403 189.2354126    0.56364992]
  [  0.           0.           0.        ]
  [190.58714294 150.79122925   0.59971794]
  [197.79219055 147.68022156   0.68550954]
  [177.15109253 192.00852966   0.43981496]
  [  0.           0.           0.        ]
  [193.88690186 152.96859741   0.67341484]
  [167.17684937 191.60165405   0.48588035]
  [182.65403748 242.0610199    0.55583491]
  [111.16789246 184.3374939    0.44510372]
  [113.10527039 180.50442505   0.80540934]
  [  0.           0.           0.        ]
  [118.35821533 169.86857605   1.        ]
  [162.1313324  252.61581421   0.69111609]
  [168.87322998 254.58021545   0.78239297]
  [188.56866455 246.88296509   0.69035621]
  [  0.           0.           0.        ]
  [  0.           0.           0.        ]
  [  0.           0.           0.        ]]]
[[[1.14131065e+02 1.78938049e+02 7.08482326e-01]
  [1.30587952e+02 1.62129333e+02 4.42979601e-01]
  [1.32554733e+02 1.87302490e+02 3.76845587e-01]
  [1.20730377e+02 2.14705978e+02 3.91360210e-01]
  [1.37424255e+02 1.56921921e+02 6.27336920e-01]
  [1.67829330e+02 1.77129669e+02 4.77387598e-01]
  [0.00000000e+00 0.00000000e+00 0.00000000e+00]
  [1.91792618e+02 1.49041748e+02 7.46194416e-01]
  [1.97769745e+02 1.47099518e+02 8.02409401e-01]
  [1.79959579e+02 1.95880142e+02 5.20209839e-01]
  [1.80766022e+02 2.37717392e+02 2.62944481e-01]
  [1.94313202e+02 1.48318924e+02 7.30893747e-01]
  [1.71551743e+02 1.98390747e+02 8.36305372e-01]
  [1.83065033e+02 2.42000717e+02 9.41314630e-01]
  [1.09769485e+02 1.78900940e+02 4.84137552e-01]
  [1.11085098e+02 1.74210800e+02 7.49127589e-01]
  [0.00000000e+00 0.00000000e+00 0.00000000e+00]
  [1.14772667e+02 1.62233871e+02 7.01745408e-01]
  [1.62296417e+02 2.52892151e+02 9.51677086e-01]
  [1.69930756e+02 2.54780594e+02 1.00000000e+00]
  [1.88882645e+02 2.47099777e+02 9.15545735e-01]
  [1.62855118e+02 2.49321335e+02 2.50354765e-01]
  [1.63598877e+02 2.47076050e+02 2.18496067e-01]
  [1.86378326e+02 2.42647690e+02 2.27316627e-01]]]
[[[113.37744904 171.71443176   0.64740167]
  [126.22006226 157.81549072   0.40847599]
  [136.03193665 182.52130127   0.32848038]
  [124.00975037 208.52346802   0.35178217]
  [141.9302063  151.7618866    0.56571877]
  [168.99412537 171.94429016   0.42735054]
  [  0.           0.           0.        ]
  [191.78889465 146.29769897   0.72751029]
  [198.80075073 145.2497406    0.7384028 ]
  [181.12493896 193.01791382   0.58371576]
  [  0.           0.           0.        ]
  [195.26928711 144.3727417    0.74795782]
  [176.35237122 197.52600098   0.90279018]
  [183.55220032 242.92530823   0.96624953]
  [107.9189682  170.91867065   0.50893255]
  [110.82281494 165.43060303   0.66661179]
  [  0.           0.           0.        ]
  [116.37346649 152.90472412   0.58308408]
  [162.66375732 252.59178162   0.97946949]
  [169.98692322 254.68865967   1.        ]
  [189.0579071  247.82228088   0.94649746]
  [  0.           0.           0.        ]
  [  0.           0.           0.        ]
  [  0.           0.           0.        ]]]
[[[113.56449127 119.9961853    0.69856797]
  [122.14641571 109.23360443   0.53281682]
  [  0.           0.           0.        ]
  [  0.           0.           0.        ]
  [139.49093628 111.85910034   0.81866213]
  [165.90478516 147.06817627   0.82545325]
  [159.15505981 177.94525146   0.67658975]
  [179.00386047 147.04504395   0.86306423]
  [173.48258972 145.15089417   0.85345308]
  [181.19494629 191.69447327   0.45629964]
  [184.7769165  235.80134583   0.35667792]
  [185.71328735 147.79919434   0.79447737]
  [183.55039978 189.06544495   0.80435453]
  [183.8706665  241.97097778   0.95251072]
  [109.35445404 118.87804413   0.57860725]
  [112.59708405 113.6076355    0.79569923]
  [  0.           0.           0.        ]
  [118.90558624 106.93101501   0.84729383]
  [161.97727966 251.86468506   0.97817511]
  [169.41413879 254.02886963   1.        ]
  [189.15359497 247.83525085   0.91692963]
  [162.88583374 237.40567017   0.34198154]
  [166.35853577 233.79475403   0.36672389]
  [188.68605042 241.80183411   0.32007639]]]
